657.0 1068.5 42 39
1342.0 1060.5 38 35
1579.0 1049.5 50 53
258.0 1031.5 94 85
1413.0 1008.5 42 41
1614.0 997.5 22 29
1487.5 988.5 31 33
1316.5 974.0 33 34
621.5 988.5 79 77
1055.0 988.0 96 90
70.5 965.0 97 92
1624.5 926.5 23 27
1561.0 926.0 50 46
1493.5 914.5 31 33
862.0 918.0 44 44
1244.0 903.0 18 22
207.5 880.5 25 33
298.5 847.5 35 35
1497.0 842.5 30 29
1302.5 847.0 39 40
1437.5 810.0 31 30
1193.0 806.0 26 28
1096.5 807.0 25 32
577.5 820.5 85 81
150.5 799.5 51 51
1349.5 774.0 35 36
1181.0 768.0 28 30
1445.0 753.0 26 28
164.0 714.5 50 51
1468.0 699.0 40 38
873.0 643.0 34 34
599.0 642.0 44 40
803.0 638.5 34 35
918.5 630.0 31 34
990.0 609.5 40 37
388.5 617.5 71 65
1391.0 594.0 32 32
1518.5 583.0 19 22
691.0 582.0 40 42
922.5 571.0 27 34
549.5 580.5 49 57
438.0 539.0 36 36
924.0 521.5 28 33
805.5 462.0 33 32
290.0 422.0 38 40
1188.5 407.0 37 34
475.5 405.0 33 32
642.5 435.5 111 97
166.5 429.5 83 85
1057.5 418.0 87 82
467.0 378.0 14 16
1460.0 390.5 64 57
1378.5 354.0 25 30
321.5 346.0 31 30
1485.5 320.5 21 21
1265.5 320.0 31 30
1602.5 315.5 33 35
1361.0 306.5 40 37
1518.5 283.5 27 27
1284.5 280.5 29 29
1569.5 273.0 29 28
1446.5 238.0 17 20
620.5 250.0 49 46
1251.0 237.5 34 35
1099.5 233.5 69 71
443.5 254.5 113 113
1295.5 205.5 27 27
1375.5 188.5 21 25
828.0 212.5 156 143
682.5 153.0 25 32
1348.5 140.0 25 24
989.0 136.0 34 36
1289.5 111.0 29 30
527.5 120.5 55 63
1135.5 97.0 29 28
45.5 100.5 41 47
907.0 79.0 38 40
717.0 79.0 48 46
1182.5 70.0 25 30
466.0 67.0 34 34
1253.5 28.0 35 34
77.5 28.0 37 38
1324.5 9.0 15 16
764.0 16.0 34 32
580.0 10.5 20 21
